LIndependent_start_0-LIndependent_end_0: 0.0000002489
LIndependent_start_1-LIndependent_end_1: 0.0000002482
LIndependent_start_2-LIndependent_end_2: 0.0000001939
LIndependent_start_3-LIndependent_end_3: 0.0000001058
