LIndependent_start_0-LIndependent_end_0: 0.0000002287
LIndependent_start_1-LIndependent_end_1: 0.0000001502
LIndependent_start_10-LIndependent_end_10: 0.0000001209
LIndependent_start_11-LIndependent_end_11: 0.0000000998
LIndependent_start_13-LIndependent_end_13: 0.0000001076
LIndependent_start_14-LIndependent_end_14: 0.0014287634
LIndependent_start_15-LIndependent_end_15: 0.0000002442
LIndependent_start_16-LIndependent_end_16: 0.0000001066
LIndependent_start_17-LIndependent_end_17: 0.0000002692
LIndependent_start_18-LIndependent_end_18: 0.0000001171
LIndependent_start_19-LIndependent_end_19: 0.0000003644
LIndependent_start_2-LIndependent_end_2: 0.0000001225
LIndependent_start_20-LIndependent_end_20: 0.0000002076
LIndependent_start_21-LIndependent_end_21: 0.0000001868
LIndependent_start_22-LIndependent_end_22: 0.0000001159
LIndependent_start_23-LIndependent_end_23: 0.0000001602
LIndependent_start_24-LIndependent_end_24: 0.0000001629
LIndependent_start_25-LIndependent_end_25: 0.0000001816
LIndependent_start_26-LIndependent_end_26: 0.0000001447
LIndependent_start_27-LIndependent_end_27: 0.0000002154
LIndependent_start_28-LIndependent_end_28: 0.0000002125
LIndependent_start_29-LIndependent_end_29: 0.0000001141
LIndependent_start_3-LIndependent_end_3: 0.0000030883
LIndependent_start_30-LIndependent_end_30: 0.0000002137
LIndependent_start_31-LIndependent_end_31: 0.0000001929
LIndependent_start_32-LIndependent_end_32: 0.0000001158
LIndependent_start_33-LIndependent_end_33: 0.0000001472
LIndependent_start_34-LIndependent_end_34: 0.0000002007
LIndependent_start_35-LIndependent_end_35: 0.0000001199
LIndependent_start_36-LIndependent_end_36: 0.0000001507
LIndependent_start_37-LIndependent_end_37: 0.0000002260
LIndependent_start_38-LIndependent_end_38: 0.0000001156
LIndependent_start_39-LIndependent_end_39: 0.0000003254
LIndependent_start_4-LIndependent_end_4: 0.0000001128
LIndependent_start_5-LIndependent_end_5: 0.0000001149
LIndependent_start_6-LIndependent_end_6: 0.0000001340
LIndependent_start_7-LIndependent_end_7: 0.0000001124
LIndependent_start_8-LIndependent_end_8: 0.0000001232
LIndependent_start_9-LIndependent_end_9: 0.0000002508
