LIndependent_start_0-LIndependent_end_0: 0.0000005968
LIndependent_start_1-LIndependent_end_1: 0.0000003258
LIndependent_start_10-LIndependent_end_10: 0.0000005519
LIndependent_start_11-LIndependent_end_11: 0.0000001142
LIndependent_start_12-LIndependent_end_12: 0.0000001181
LIndependent_start_13-LIndependent_end_13: 0.0000001864
LIndependent_start_14-LIndependent_end_14: 0.0000001362
LIndependent_start_15-LIndependent_end_15: 0.0000001260
LIndependent_start_16-LIndependent_end_16: 0.0000001911
LIndependent_start_17-LIndependent_end_17: 0.0000004383
LIndependent_start_18-LIndependent_end_18: 0.0011615914
LIndependent_start_19-LIndependent_end_19: 0.0000006137
LIndependent_start_2-LIndependent_end_2: 0.0000001165
LIndependent_start_20-LIndependent_end_20: 0.0000003935
LIndependent_start_21-LIndependent_end_21: 0.0000001362
LIndependent_start_22-LIndependent_end_22: 0.0000001556
LIndependent_start_23-LIndependent_end_23: 0.0000001033
LIndependent_start_24-LIndependent_end_24: 0.0000003633
LIndependent_start_25-LIndependent_end_25: 0.0000001989
LIndependent_start_26-LIndependent_end_26: 0.0000010443
LIndependent_start_27-LIndependent_end_27: 0.0000003272
LIndependent_start_28-LIndependent_end_28: 0.0000001413
LIndependent_start_3-LIndependent_end_3: 0.0000792689
LIndependent_start_4-LIndependent_end_4: 0.0000026306
LIndependent_start_5-LIndependent_end_5: 0.0000001242
LIndependent_start_6-LIndependent_end_6: 0.0000002516
LIndependent_start_7-LIndependent_end_7: 0.0000002827
LIndependent_start_8-LIndependent_end_8: 0.0000001502
LIndependent_start_9-LIndependent_end_9: 0.0000001726
