LIndependent_start_0-LIndependent_end_0: 0.0000003029
LIndependent_start_1-LIndependent_end_1: 0.0000001350
LIndependent_start_10-LIndependent_end_10: 0.0000001073
LIndependent_start_11-LIndependent_end_11: 0.0000001396
LIndependent_start_12-LIndependent_end_12: 0.0000001146
LIndependent_start_13-LIndependent_end_13: 0.0000010540
LIndependent_start_14-LIndependent_end_14: 0.0000003609
LIndependent_start_15-LIndependent_end_15: 0.0000001230
LIndependent_start_2-LIndependent_end_2: 0.0003390912
LIndependent_start_3-LIndependent_end_3: 0.0000281823
LIndependent_start_4-LIndependent_end_4: 0.0000001424
LIndependent_start_5-LIndependent_end_5: 0.0000004612
LIndependent_start_6-LIndependent_end_6: 0.0000001863
LIndependent_start_7-LIndependent_end_7: 0.0000001687
LIndependent_start_8-LIndependent_end_8: 0.0000009267
LIndependent_start_9-LIndependent_end_9: 0.0000003690
